*---------------
Results for 4 qubits. time = 14.544878959655762 seconds

actual probabilities:
[96.0, 34.0, 0.0, 24.0, 76.0, 99.0, 85.0, 49.0, 12.0, 0.0, 28.000000000000004, 82.0, 100.0, 66.0, 4.0, 100.0, ]

expected probabilities:
[96.13189697265625, 33.0078125, 0.004577636718750243, 25.00000000000001, 71.78497314453132, 99.02343749999999, 88.45062255859374, 49.99999999999993, 11.54937744140628, 0.9765624999999982, 28.21502685546872, 74.99999999999996, 99.99542236328125, 66.99218749999997, 3.8681030273437065, 100.0, ]
*---------------

*---------------
Results for 4 qubits. time = 7.944122314453125 seconds

actual probabilities:
[98.0, 30.0, 0.0, 21.0, 72.0, 100.0, 87.0, ]

expected probabilities:
[96.13189697265625, 33.0078125, 0.004577636718750243, 25.00000000000001, 71.78497314453132, 99.02343749999999, 88.45062255859374, ]
*---------------

*---------------
Results for 4 qubits. time = 18.417120456695557 seconds

actual probabilities:
[96.0, 31.0, 0.0, 26.0, 68.0, 100.0, 90.0, 56.00000000000001, 12.0, 0.0, 23.0, 74.0, 100.0, 73.0, 2.0, 100.0, ]

expected probabilities:
[96.13189697265625, 33.0078125, 0.004577636718750243, 25.00000000000001, 71.78497314453132, 99.02343749999999, 88.45062255859374, 49.99999999999993, 11.54937744140628, 0.9765624999999982, 28.21502685546872, 74.99999999999996, 99.99542236328125, 66.99218749999997, 3.8681030273437065, 100.0, ]
*---------------

*---------------
Results for 4 qubits. time = 22.947354555130005 seconds

actual probabilities:
[97.0, 97.0, 94.0, 100.0, 95.0, 84.0, 70.0, 48.0, 54.0, 60.0, 66.0, 77.0, 84.0, 83.0, 96.0, 100.0, ]

expected probabilities:
[96.13189697265625, 94.53124999999999, 94.921875, 100.0, 95.70312499999999, 84.37500000000003, 68.35937499999997, 50.000000000000014, 56.25, 62.500000000000014, 68.75, 74.99999999999999, 81.24999999999999, 87.5, 93.75000000000001, 100.0, ]
*---------------

*---------------
Results for 4 qubits. time = 13.83893895149231 seconds

actual probabilities:
[97.0, 94.0, 97.0, 100.0, 96.0, 84.0, 69.0, 47.0, 65.0, 55.00000000000001, 70.0, 71.0, 84.0, 91.0, 96.0, 100.0, ]

expected probabilities:
[96.13189697265625, 94.53124999999999, 94.921875, 100.0, 95.70312499999999, 84.37500000000003, 68.35937499999997, 50.000000000000014, 56.25, 62.500000000000014, 68.75, 74.99999999999999, 81.24999999999999, 87.5, 93.75000000000001, 100.0, ]
*---------------

*---------------
Results for 4 qubits. time = 13.63995885848999 seconds

actual probabilities:
[95.0, 95.0, 96.0, 100.0, 99.0, 87.0, 65.0, 48.0, 52.0, 63.0, 74.0, 72.0, 78.0, 90.0, 95.0, 100.0, ]

expected probabilities:
[96.13189697265625, 94.53124999999999, 94.921875, 100.0, 95.70312499999999, 84.37500000000003, 68.35937499999997, 50.000000000000014, 56.25, 62.500000000000014, 68.75, 74.99999999999999, 81.24999999999999, 87.5, 93.75000000000001, 100.0, ]
*---------------

*---------------
Results for 4 qubits. time = 13.97568154335022 seconds

actual probabilities:
[96.0, 96.0, 94.0, 100.0, 93.0, 82.0, 66.0, 40.0, 55.00000000000001, 67.0, 67.0, 68.0, 77.0, 86.0, 93.0, 100.0, ]

expected probabilities:
[96.13189697265625, 94.53124999999999, 94.921875, 100.0, 95.70312499999999, 84.37500000000003, 68.35937499999997, 50.000000000000014, 56.25, 62.500000000000014, 68.75, 74.99999999999999, 81.24999999999999, 87.5, 93.75000000000001, 100.0, ]
*---------------

