*---------------
Results for 5 qubits. time = 22.91813063621521 seconds

actual probabilities:
[100.0, 96.0, 100.0, 94.0, 89.0, 96.0, 100.0, 100.0, 98.0, 94.0, 92.0, 88.0, 80.0, 68.0, 62.0, 50.0, 53.0, 60.0, 60.0, 66.0, 65.0, 71.0, 78.0, 79.0, 77.0, 88.0, 91.0, 90.0, 88.0, 95.0, 99.0, 100.0, ]

expected probabilities:
[99.91823155432941, 96.13189697265625, 99.97787475585938, 94.53124999999999, 88.134765625, 94.921875, 98.77929687500001, 100.0, 98.87695312500001, 95.70312499999999, 90.771484375, 84.37500000000003, 76.80664062500003, 68.35937499999997, 59.326171875, 50.000000000000014, 53.125, 56.25, 59.374999999999986, 62.500000000000014, 65.625, 68.75, 71.875, 74.99999999999999, 78.12500000000001, 81.24999999999999, 84.375, 87.5, 90.62500000000001, 93.75000000000001, 96.875, 100.0, ]
*---------------

*---------------
Results for 5 qubits. time = 23.161012411117554 seconds

actual probabilities:
[100.0, 98.0, 100.0, 90.0, 90.0, 96.0, 97.0, 100.0, 100.0, 97.0, 95.0, 79.0, 75.0, 72.0, 56.99999999999999, 52.0, 60.0, 63.0, 57.99999999999999, 66.0, 59.0, 67.0, 78.0, 76.0, 78.0, 79.0, 83.0, 87.0, 92.0, 94.0, 96.0, 100.0, ]

expected probabilities:
[99.91823155432941, 96.13189697265625, 99.97787475585938, 94.53124999999999, 88.134765625, 94.921875, 98.77929687500001, 100.0, 98.87695312500001, 95.70312499999999, 90.771484375, 84.37500000000003, 76.80664062500003, 68.35937499999997, 59.326171875, 50.000000000000014, 53.125, 56.25, 59.374999999999986, 62.500000000000014, 65.625, 68.75, 71.875, 74.99999999999999, 78.12500000000001, 81.24999999999999, 84.375, 87.5, 90.62500000000001, 93.75000000000001, 96.875, 100.0, ]
*---------------

