*---------------
Results for 8 qubits. time = 202.49391078948975 seconds

actual probabilities:
[100.0, 100.0, 100.0, 100.0, 100.0, 98.0, 100.0, 98.0, 99.0, 95.0, 99.0, 100.0, 100.0, 100.0, 97.0, 95.0, 92.0, 98.0, 98.0, 96.0, 100.0, 99.0, 100.0, 100.0, 100.0, 100.0, 99.0, 99.0, 97.0, 99.0, 98.0, 97.0, 92.0, 90.0, 91.0, 88.0, 93.0, 83.0, 90.0, 89.0, 89.0, 89.0, 95.0, 96.0, 99.0, 96.0, 96.0, 91.0, 96.0, 96.0, 93.0, 96.0, 100.0, 98.0, 100.0, 100.0, 98.0, 98.0, 99.0, 99.0, 100.0, 100.0, 100.0, 100.0, 100.0, 100.0, 100.0, 100.0, 99.0, 99.0, 100.0, 97.0, 97.0, 100.0, 98.0, 100.0, 97.0, 95.0, 94.0, 99.0, 99.0, 92.0, 94.0, 94.0, 92.0, 96.0, 92.0, 92.0, 94.0, 86.0, 90.0, 88.0, 91.0, 88.0, 86.0, 89.0, 83.0, 88.0, 76.0, 87.0, 81.0, 76.0, 81.0, 76.0, 81.0, 73.0, 70.0, 70.0, 77.0, 63.0, 68.0, 72.0, 68.0, 65.0, 62.0, 60.0, 57.99999999999999, 57.99999999999999, 67.0, 54.0, 61.0, 57.99999999999999, 55.00000000000001, 56.99999999999999, 54.0, 49.0, 40.0, 51.0, 48.0, 48.0, 50.0, 51.0, 42.0, 55.00000000000001, 56.00000000000001, 54.0, 51.0, 46.0, 59.0, 56.00000000000001, 56.00000000000001, 55.00000000000001, 55.00000000000001, 57.99999999999999, 54.0, 56.00000000000001, 64.0, 51.0, 56.99999999999999, 48.0, 70.0, 64.0, 63.0, 67.0, 61.0, 60.0, 65.0, 61.0, 68.0, 62.0, 68.0, 60.0, 62.0, 57.99999999999999, 68.0, 66.0, 61.0, 66.0, 67.0, 67.0, 61.0, 65.0, 65.0, 73.0, 71.0, 69.0, 73.0, 70.0, 70.0, 68.0, 65.0, 73.0, 73.0, 75.0, 67.0, 72.0, 76.0, 77.0, 77.0, 69.0, 79.0, 71.0, 77.0, 73.0, 78.0, 74.0, 75.0, 79.0, 66.0, 82.0, 81.0, 83.0, 84.0, 78.0, 83.0, 84.0, 77.0, 76.0, 83.0, 84.0, 81.0, 77.0, 82.0, 85.0, 87.0, 84.0, 90.0, 84.0, 87.0, 79.0, 88.0, 90.0, 86.0, 91.0, 81.0, 81.0, 89.0, 92.0, 90.0, 88.0, 89.0, 87.0, 87.0, 88.0, 95.0, 93.0, 96.0, 90.0, 94.0, 91.0, 99.0, 90.0, 92.0, 96.0, 95.0, 96.0, 99.0, 98.0, 96.0, 99.0, 97.0, 98.0, 99.0, 99.0, 100.0, 100.0, ]

expected probabilities:
[99.99470421032736, 99.56198656943222, 99.68460471843464, 99.6585680786799, 99.91907663492032, 98.56983397679345, 99.42813445062868, 99.91823155432941, 98.40199994103955, 96.86036807033815, 98.8128031520489, 99.81388254091145, 99.95880629851968, 99.33758959450641, 98.03523424770333, 96.13189697265625, 93.7030543601452, 94.85042765736577, 96.3885173900053, 97.63538837432863, 98.60462557990103, 99.30951222777365, 99.76303258445115, 99.97787475585938, 99.96643348131329, 99.74081292748451, 99.31282948236914, 98.69401454925537, 97.8956173406914, 96.92860767245293, 95.80367875751108, 94.53124999999999, 93.12146978918463, 91.58421829342844, 89.92911025416106, 88.16549777984619, 86.30247313994914, 85.94589233398439, 87.06579208374023, 88.134765625, 89.15338516235352, 90.12222290039062, 91.04185104370117, 91.912841796875, 92.73576736450198, 93.51119995117188, 94.23971176147461, 94.921875, 95.55826187133789, 96.14944458007814, 96.69599533081056, 97.198486328125, 97.65748977661131, 98.07357788085938, 98.44732284545898, 98.77929687500001, 99.07007217407227, 99.32022094726562, 99.53031539916992, 99.70092773437501, 99.8326301574707, 99.92599487304688, 99.98159408569335, 100.0, 99.98178482055663, 99.92752075195312, 99.8377799987793, 99.71313476562501, 99.55415725708006, 99.36141967773436, 99.13549423217773, 98.87695312500001, 98.58636856079102, 98.26431274414062, 97.91135787963867, 97.52807617187499, 97.11503982543944, 96.67282104492188, 96.20199203491211, 95.70312499999999, 95.17679214477539, 94.62356567382812, 94.04401779174805, 93.438720703125, 92.80824661254884, 92.15316772460938, 91.47405624389646, 90.771484375, 90.04602432250977, 89.29824829101564, 88.52872848510742, 87.738037109375, 86.9267463684082, 86.09542846679689, 85.24465560913089, 84.37500000000003, 83.48703384399417, 82.5813293457031, 81.6584587097168, 80.718994140625, 79.7635078430176, 78.79257202148442, 77.80675888061525, 76.80664062500003, 75.79278945922854, 74.76577758789061, 73.72617721557614, 72.674560546875, 71.61149978637692, 70.53756713867189, 69.45333480834965, 68.35937499999997, 67.25625991821289, 66.14456176757814, 65.02485275268556, 63.897705078125, 62.76369094848627, 61.62338256835939, 60.477352142334, 59.326171875, 58.170413970947244, 57.01065063476564, 55.847454071044936, 54.68139648437502, 53.51305007934569, 52.342987060546896, 51.17177963256836, 50.000000000000014, 50.390625, 50.78125, 51.171875, 51.5625, 51.953125000000014, 52.34375, 52.73437499999998, 53.125, 53.515625, 53.90625, 54.296874999999986, 54.6875, 55.078125, 55.46875, 55.859375, 56.25, 56.640625, 57.03125, 57.421875, 57.812499999999986, 58.203124999999986, 58.59375, 58.984375, 59.374999999999986, 59.765624999999986, 60.15625, 60.546875, 60.9375, 61.328125, 61.71875, 62.109375, 62.500000000000014, 62.890625, 63.28125, 63.671874999999986, 64.0625, 64.453125, 64.84375000000001, 65.234375, 65.625, 66.015625, 66.40625000000001, 66.796875, 67.18749999999999, 67.578125, 67.96875, 68.359375, 68.75, 69.140625, 69.53125, 69.921875, 70.31250000000001, 70.703125, 71.09375, 71.484375, 71.875, 72.26562500000001, 72.65624999999999, 73.046875, 73.4375, 73.828125, 74.21875, 74.609375, 74.99999999999999, 75.39062499999999, 75.78124999999997, 76.17187499999997, 76.5625, 76.95312500000001, 77.34375, 77.734375, 78.12500000000001, 78.515625, 78.90625, 79.29687499999999, 79.68750000000001, 80.078125, 80.46875, 80.859375, 81.24999999999999, 81.64062500000001, 82.03124999999999, 82.42187499999999, 82.8125, 83.20312499999999, 83.59375, 83.984375, 84.375, 84.76562499999999, 85.15625, 85.546875, 85.9375, 86.32812500000001, 86.71875, 87.109375, 87.5, 87.890625, 88.28125, 88.671875, 89.0625, 89.45312500000001, 89.84375, 90.234375, 90.62500000000001, 91.01562499999999, 91.40625000000001, 91.796875, 92.18749999999999, 92.578125, 92.96875, 93.359375, 93.75000000000001, 94.14062500000001, 94.53124999999999, 94.921875, 95.31249999999999, 95.70312500000001, 96.09375000000001, 96.48437500000001, 96.875, 97.26562499999999, 97.65625, 98.046875, 98.43750000000001, 98.828125, 99.21875000000001, 99.60937499999999, 100.0, ]
*---------------

*---------------
Results for 8 qubits. time = 201.46614050865173 seconds

actual probabilities:
[100.0, 99.0, 100.0, 100.0, 100.0, 100.0, 100.0, 100.0, 99.0, 96.0, 98.0, 99.0, 100.0, 100.0, 99.0, 97.0, 95.0, 95.0, 97.0, 96.0, 98.0, 98.0, 100.0, 100.0, 100.0, 100.0, 99.0, 99.0, 99.0, 99.0, 97.0, 90.0, 96.0, 94.0, 90.0, 85.0, 93.0, 89.0, 85.0, 91.0, 80.0, 94.0, 91.0, 91.0, 90.0, 95.0, 92.0, 92.0, 94.0, 93.0, 98.0, 96.0, 99.0, 99.0, 99.0, 98.0, 100.0, 100.0, 100.0, 100.0, 100.0, 100.0, 100.0, 100.0, 100.0, 100.0, 100.0, 100.0, 99.0, 99.0, 99.0, 99.0, 98.0, 100.0, 100.0, 98.0, 96.0, 98.0, 97.0, 97.0, 94.0, 96.0, 94.0, 96.0, 93.0, 89.0, 96.0, 92.0, 86.0, 94.0, 93.0, 83.0, 89.0, 86.0, 78.0, 83.0, 84.0, 79.0, 79.0, 75.0, 78.0, 73.0, 75.0, 81.0, 75.0, 71.0, 80.0, 69.0, 67.0, 75.0, 80.0, 70.0, 60.0, 72.0, 61.0, 61.0, 61.0, 64.0, 67.0, 61.0, 54.0, 56.99999999999999, 61.0, 52.0, 51.0, 57.99999999999999, 48.0, 50.0, 50.0, 54.0, 62.0, 52.0, 53.0, 45.0, 46.0, 47.0, 61.0, 54.0, 52.0, 55.00000000000001, 56.00000000000001, 56.00000000000001, 57.99999999999999, 59.0, 53.0, 66.0, 56.00000000000001, 55.00000000000001, 51.0, 59.0, 54.0, 54.0, 57.99999999999999, 56.00000000000001, 56.99999999999999, 52.0, 56.99999999999999, 62.0, 60.0, 65.0, 68.0, 70.0, 63.0, 62.0, 69.0, 71.0, 65.0, 65.0, 68.0, 64.0, 74.0, 62.0, 64.0, 73.0, 66.0, 67.0, 65.0, 67.0, 77.0, 65.0, 65.0, 74.0, 70.0, 68.0, 65.0, 77.0, 72.0, 72.0, 72.0, 80.0, 81.0, 74.0, 77.0, 72.0, 76.0, 81.0, 80.0, 81.0, 80.0, 73.0, 67.0, 80.0, 79.0, 83.0, 81.0, 82.0, 82.0, 82.0, 84.0, 71.0, 80.0, 85.0, 80.0, 72.0, 90.0, 83.0, 80.0, 82.0, 82.0, 88.0, 94.0, 90.0, 91.0, 89.0, 91.0, 87.0, 90.0, 88.0, 91.0, 85.0, 91.0, 93.0, 91.0, 90.0, 90.0, 97.0, 94.0, 93.0, 96.0, 93.0, 94.0, 94.0, 96.0, 93.0, 93.0, 97.0, 100.0, 93.0, 95.0, 95.0, 100.0, 99.0, 97.0, 100.0, 100.0, 100.0, ]

expected probabilities:
[99.99470421032736, 99.56198656943222, 99.68460471843464, 99.6585680786799, 99.91907663492032, 98.56983397679345, 99.42813445062868, 99.91823155432941, 98.40199994103955, 96.86036807033815, 98.8128031520489, 99.81388254091145, 99.95880629851968, 99.33758959450641, 98.03523424770333, 96.13189697265625, 93.7030543601452, 94.85042765736577, 96.3885173900053, 97.63538837432863, 98.60462557990103, 99.30951222777365, 99.76303258445115, 99.97787475585938, 99.96643348131329, 99.74081292748451, 99.31282948236914, 98.69401454925537, 97.8956173406914, 96.92860767245293, 95.80367875751108, 94.53124999999999, 93.12146978918463, 91.58421829342844, 89.92911025416106, 88.16549777984619, 86.30247313994914, 85.94589233398439, 87.06579208374023, 88.134765625, 89.15338516235352, 90.12222290039062, 91.04185104370117, 91.912841796875, 92.73576736450198, 93.51119995117188, 94.23971176147461, 94.921875, 95.55826187133789, 96.14944458007814, 96.69599533081056, 97.198486328125, 97.65748977661131, 98.07357788085938, 98.44732284545898, 98.77929687500001, 99.07007217407227, 99.32022094726562, 99.53031539916992, 99.70092773437501, 99.8326301574707, 99.92599487304688, 99.98159408569335, 100.0, 99.98178482055663, 99.92752075195312, 99.8377799987793, 99.71313476562501, 99.55415725708006, 99.36141967773436, 99.13549423217773, 98.87695312500001, 98.58636856079102, 98.26431274414062, 97.91135787963867, 97.52807617187499, 97.11503982543944, 96.67282104492188, 96.20199203491211, 95.70312499999999, 95.17679214477539, 94.62356567382812, 94.04401779174805, 93.438720703125, 92.80824661254884, 92.15316772460938, 91.47405624389646, 90.771484375, 90.04602432250977, 89.29824829101564, 88.52872848510742, 87.738037109375, 86.9267463684082, 86.09542846679689, 85.24465560913089, 84.37500000000003, 83.48703384399417, 82.5813293457031, 81.6584587097168, 80.718994140625, 79.7635078430176, 78.79257202148442, 77.80675888061525, 76.80664062500003, 75.79278945922854, 74.76577758789061, 73.72617721557614, 72.674560546875, 71.61149978637692, 70.53756713867189, 69.45333480834965, 68.35937499999997, 67.25625991821289, 66.14456176757814, 65.02485275268556, 63.897705078125, 62.76369094848627, 61.62338256835939, 60.477352142334, 59.326171875, 58.170413970947244, 57.01065063476564, 55.847454071044936, 54.68139648437502, 53.51305007934569, 52.342987060546896, 51.17177963256836, 50.000000000000014, 50.390625, 50.78125, 51.171875, 51.5625, 51.953125000000014, 52.34375, 52.73437499999998, 53.125, 53.515625, 53.90625, 54.296874999999986, 54.6875, 55.078125, 55.46875, 55.859375, 56.25, 56.640625, 57.03125, 57.421875, 57.812499999999986, 58.203124999999986, 58.59375, 58.984375, 59.374999999999986, 59.765624999999986, 60.15625, 60.546875, 60.9375, 61.328125, 61.71875, 62.109375, 62.500000000000014, 62.890625, 63.28125, 63.671874999999986, 64.0625, 64.453125, 64.84375000000001, 65.234375, 65.625, 66.015625, 66.40625000000001, 66.796875, 67.18749999999999, 67.578125, 67.96875, 68.359375, 68.75, 69.140625, 69.53125, 69.921875, 70.31250000000001, 70.703125, 71.09375, 71.484375, 71.875, 72.26562500000001, 72.65624999999999, 73.046875, 73.4375, 73.828125, 74.21875, 74.609375, 74.99999999999999, 75.39062499999999, 75.78124999999997, 76.17187499999997, 76.5625, 76.95312500000001, 77.34375, 77.734375, 78.12500000000001, 78.515625, 78.90625, 79.29687499999999, 79.68750000000001, 80.078125, 80.46875, 80.859375, 81.24999999999999, 81.64062500000001, 82.03124999999999, 82.42187499999999, 82.8125, 83.20312499999999, 83.59375, 83.984375, 84.375, 84.76562499999999, 85.15625, 85.546875, 85.9375, 86.32812500000001, 86.71875, 87.109375, 87.5, 87.890625, 88.28125, 88.671875, 89.0625, 89.45312500000001, 89.84375, 90.234375, 90.62500000000001, 91.01562499999999, 91.40625000000001, 91.796875, 92.18749999999999, 92.578125, 92.96875, 93.359375, 93.75000000000001, 94.14062500000001, 94.53124999999999, 94.921875, 95.31249999999999, 95.70312500000001, 96.09375000000001, 96.48437500000001, 96.875, 97.26562499999999, 97.65625, 98.046875, 98.43750000000001, 98.828125, 99.21875000000001, 99.60937499999999, 100.0, ]
*---------------

