*---------------
Results for 5 qubits. time = 116.44240736961365 seconds

actual probabilities:
[100.0, 97.0, 100.0, 94.0, 90.0, 99.0, 100.0, 100.0, 99.0, 96.0, 91.0, 88.0, 71.0, 74.0, 47.0, 52.0, 46.0, 52.0, 57.99999999999999, 65.0, 71.0, 65.0, 70.0, 73.0, 78.0, 79.0, 78.0, 86.0, 90.0, 97.0, 95.0, 100.0, ]

expected probabilities:[99.91823155432941, 96.13189697265625, 99.97787475585938, 94.53124999999999, 88.134765625, 94.921875, 98.77929687500001, 100.0, 98.87695312500001, 95.70312499999999, 90.771484375, 84.37500000000003, 76.80664062500003, 68.35937499999997, 59.326171875, 50.000000000000014, 53.125, 56.25, 59.374999999999986, 62.500000000000014, 65.625, 68.75, 71.875, 74.99999999999999, 78.12500000000001, 81.24999999999999, 84.375, 87.5, 90.62500000000001, 93.75000000000001, 96.875, 100.0, ]
*---------------

*---------------
Results for 5 qubits. time = 112.57417750358582 seconds

actual probabilities:
[100.0, 99.0, 100.0, 97.0, 89.0, 95.0, 99.0, 100.0, 99.0, 97.0, 92.0, 84.0, 80.0, 63.0, 54.0, 56.99999999999999, 54.0, 54.0, 65.0, 73.0, 68.0, 70.0, 78.0, 86.0, 77.0, 82.0, 82.0, 85.0, 95.0, 98.0, 96.0, 100.0, ]

expected probabilities:[99.91823155432941, 96.13189697265625, 99.97787475585938, 94.53124999999999, 88.134765625, 94.921875, 98.77929687500001, 100.0, 98.87695312500001, 95.70312499999999, 90.771484375, 84.37500000000003, 76.80664062500003, 68.35937499999997, 59.326171875, 50.000000000000014, 53.125, 56.25, 59.374999999999986, 62.500000000000014, 65.625, 68.75, 71.875, 74.99999999999999, 78.12500000000001, 81.24999999999999, 84.375, 87.5, 90.62500000000001, 93.75000000000001, 96.875, 100.0, ]
*---------------

